69
Altolamprologus_calvus       0.0000000 0.2859237 0.4048895 0.2470707 0.4803121 0.5092238 0.1325414 0.1359410 0.1406742 0.1235166 0.2685099 0.1171151 0.3389026 0.1684754 0.1698992 0.1688466 0.1049602 0.1154371 0.1290608 0.1207072 0.3174047 0.4134731 0.4056465 0.2449213 0.3476380 0.4027648 0.3886847 0.1154914 0.2537786 0.4932584 0.2255083 0.3715155 0.0894490 0.0729013 0.1134923 0.1450585 0.1446966 0.1311809 0.3943591 0.3976473 0.4217566 0.1517457 0.3531845 0.4151974 0.1203441 0.5786342 0.1155613 0.5312522 0.1176882 0.2645522 0.2623452 0.2867506 0.4312470 0.4223281 0.4258853 0.1376395 0.1373211 0.4448278 0.1376349 0.3384749 0.4478501 0.4197839 0.1585671 0.2553473 0.1211844 0.1093094 0.4496038 0.0830740 0.4281799 
Amatitlania_sajica           0.2859237 0.0000000 0.0487979 0.0635100 0.2236326 0.2038168 0.2809251 0.2747329 0.2775357 0.2654533 0.0994429 0.2875616 0.1791834 0.2510856 0.2454019 0.2416356 0.2752825 0.2448076 0.2884777 0.2739069 0.2838662 0.1079148 0.1143338 0.1170373 0.2709314 0.1449468 0.1352956 0.2575887 0.0737353 0.1878340 0.1053671 0.2942734 0.2848468 0.2928261 0.2947652 0.2347254 0.2431225 0.2344865 0.0515746 0.2718318 0.2707211 0.2026411 0.3253351 0.0631054 0.2589004 0.6729908 0.2514515 0.3312008 0.2550210 0.2707099 0.2574379 0.2307832 0.1049172 0.3001019 0.3181373 0.2398524 0.2553385 0.2027756 0.2356167 0.2969031 0.1146008 0.1146520 0.2513887 0.1226811 0.2633737 0.2612984 0.1124003 0.2917904 0.1151464 
Amphilophus_citrinellus      0.4048895 0.0487979 0.0000000 0.0323807 0.3798157 0.4111066 0.4395239 0.4169360 0.4268243 0.4577417 0.0928274 0.4359156 0.3013749 0.3898486 0.3728432 0.4706688 0.4003523 0.4688454 0.4361972 0.3784606 0.4738151 0.1747421 0.1788888 0.0904001 0.3764132 0.1973234 0.2226571 0.3824254 0.0586798 0.3772618 0.0912909 0.5515236 0.4002428 0.4184685 0.4380316 0.4754876 0.4288322 0.4508954 0.0864885 0.4632021 0.4523281 0.3711358 0.6702632 0.1072120 0.4027907 0.6731809 0.4149972 0.6016425 0.3881636 0.2428441 0.2361977 0.2005410 0.1612910 0.5874173 0.6959051 0.4316849 0.4557019 0.3153736 0.3213690 0.4841458 0.1648539 0.1808243 0.4223900 0.1155689 0.4673842 0.4748452 0.1848679 0.4140370 0.1475440 
Amphilophus_trimaculatus     0.2470707 0.0635100 0.0323807 0.0000000 0.1934589 0.1841884 0.2382358 0.2450915 0.2568714 0.2340240 0.1018935 0.2428439 0.1366984 0.2324318 0.2354351 0.2088860 0.2483840 0.2289933 0.2574025 0.2502629 0.2719919 0.1014243 0.1051628 0.1022360 0.2470005 0.1246109 0.1150922 0.2226007 0.0650273 0.1746496 0.0924328 0.2540719 0.2540819 0.2570287 0.2525391 0.2264941 0.2225141 0.2083822 0.0523733 0.2522121 0.2404445 0.1841358 0.3037888 0.0623037 0.2515112 0.6117900 0.2515366 0.3069659 0.2296962 0.2374428 0.2300710 0.2157278 0.0973288 0.2583292 0.2827843 0.2025028 0.2239096 0.1756413 0.2037945 0.2518580 0.1041302 0.1104415 0.2498115 0.1172078 0.2350926 0.2420957 0.1061220 0.2533997 0.1025681 
Andinoacara_pulcher          0.4803121 0.2236326 0.3798157 0.1934589 0.0000000 0.1828892 0.5091104 0.4924649 0.4964708 0.5079774 0.2139233 0.4890716 0.3894867 0.4484430 0.4881460 0.5629492 0.4479872 0.5337579 0.4986732 0.4548924 0.5309776 0.4245464 0.4119737 0.1630911 0.4518462 0.3285820 0.3689113 0.4448537 0.1988576 0.4799287 0.1681613 0.6062540 0.4792193 0.4661247 0.4750693 0.5125471 0.5114333 0.5042041 0.4021007 0.5474584 0.5908180 0.4767926 0.8168054 0.4097978 0.4669895 0.6573744 0.4804866 0.6360824 0.4360869 0.2553576 0.2425673 0.2192084 0.3949042 0.6898606 0.7998210 0.5335784 0.5035786 0.3536589 0.4178910 0.5560142 0.3460113 0.4156456 0.4839243 0.2276199 0.5050390 0.5249198 0.4174025 0.4905360 0.3361931 
Andinoacara_rivulatus        0.5092238 0.2038168 0.4111066 0.1841884 0.1828892 0.0000000 0.5637622 0.5332495 0.5674728 0.5332677 0.2067589 0.5450474 0.4266450 0.5040892 0.5224179 0.5884231 0.5025636 0.5484222 0.5506164 0.5110198 0.6102526 0.4228432 0.4385840 0.1782682 0.4641015 0.3463278 0.3831983 0.5147873 0.1995174 0.4791325 0.1769058 0.6802887 0.5432472 0.5242329 0.5263081 0.5562098 0.5480903 0.5482659 0.4116360 0.5798192 0.6098380 0.5393854 0.8636923 0.4266197 0.5007602 0.5499980 0.5132506 0.6283518 0.5065143 0.2698926 0.2813677 0.2593974 0.3853738 0.7058836 0.8177721 0.5724424 0.5567173 0.3798963 0.4524527 0.5707396 0.3862289 0.4338457 0.5060298 0.2208920 0.5519161 0.5584107 0.3949836 0.5351535 0.3724747 
Aulonocranus_dewindti        0.1325414 0.2809251 0.4395239 0.2382358 0.5091104 0.5637622 0.0000000 0.1653524 0.1803609 0.1473298 0.2848743 0.0501311 0.3688393 0.1739267 0.1753038 0.1838513 0.1075879 0.1096677 0.1268616 0.1334327 0.3345565 0.4662156 0.4509336 0.2431147 0.4026677 0.4141700 0.4400091 0.1211980 0.2516438 0.5225340 0.2378683 0.4229626 0.1444863 0.1327037 0.0501435 0.1617117 0.1533691 0.1430682 0.4614570 0.4489870 0.4714463 0.1769153 0.4073511 0.4582689 0.1192456 0.6256733 0.1193123 0.5626249 0.1233828 0.2843476 0.2759760 0.2730830 0.5064794 0.4697803 0.4867093 0.1524825 0.1474427 0.5296701 0.1482936 0.3557647 0.4866296 0.5086479 0.1801329 0.2570235 0.1132800 0.1110871 0.4856184 0.1421276 0.4797471 
Bathybates_fasciatus         0.1359410 0.2747329 0.4169360 0.2450915 0.4924649 0.5332495 0.1653524 0.0000000 0.0440812 0.1022688 0.2947395 0.1629901 0.3887441 0.1593012 0.1669323 0.1567691 0.1192723 0.1312288 0.1518640 0.1400546 0.3195663 0.4199229 0.4048907 0.2374657 0.3760403 0.3985896 0.3940114 0.1291190 0.2395770 0.4758511 0.2239621 0.3522752 0.1425465 0.1309478 0.1554937 0.1368322 0.1250863 0.1174636 0.4009981 0.4310490 0.4325851 0.1363626 0.3582822 0.4136400 0.1274812 0.6148177 0.1328537 0.5574587 0.1306219 0.2810010 0.2814238 0.2922465 0.4586393 0.4348825 0.4594195 0.1162748 0.1198524 0.4801798 0.1259010 0.3437881 0.4315196 0.4370548 0.1453299 0.2428100 0.1298164 0.1303419 0.4719623 0.1417936 0.4204640 
Bathybates_ferox             0.1406742 0.2775357 0.4268243 0.2568714 0.4964708 0.5674728 0.1803609 0.0440812 0.0000000 0.1058498 0.2849653 0.1746421 0.4048777 0.1595296 0.1762897 0.1551814 0.1220519 0.1394236 0.1532938 0.1500534 0.3025808 0.4181293 0.4099146 0.2343187 0.3986335 0.4175736 0.4121208 0.1338953 0.2348837 0.4793919 0.2364867 0.3691590 0.1513419 0.1339316 0.1658120 0.1450322 0.1394328 0.1283437 0.4165398 0.4401618 0.4492650 0.1355211 0.3677383 0.4113112 0.1313151 0.6406956 0.1364127 0.5523445 0.1312411 0.2828238 0.2725059 0.3007206 0.4836612 0.4326599 0.4637919 0.1168411 0.1198135 0.5189110 0.1247205 0.3398293 0.4338664 0.4491133 0.1429016 0.2507720 0.1379400 0.1342230 0.4831004 0.1509917 0.4254635 
Boulengerochromis_microlepis 0.1235166 0.2654533 0.4577417 0.2340240 0.5079774 0.5332677 0.1473298 0.1022688 0.1058498 0.0000000 0.2580498 0.1251674 0.3804688 0.1156922 0.1404273 0.1591094 0.0978799 0.1218792 0.1178814 0.1133654 0.2777312 0.4434165 0.4492760 0.2211495 0.3500415 0.3685346 0.3950245 0.1066561 0.2344766 0.5212075 0.2051027 0.3338734 0.1193711 0.1085952 0.1211440 0.1260192 0.1159735 0.1169963 0.4675709 0.4725686 0.4707331 0.1122941 0.4423351 0.4663343 0.1023963 0.6631532 0.1092585 0.5421246 0.1071837 0.2515988 0.2486001 0.2813207 0.4579716 0.3966800 0.4430087 0.1103042 0.1107748 0.4666328 0.0934485 0.3087125 0.3824490 0.4306684 0.1064934 0.2424400 0.1230710 0.1199137 0.4680026 0.1362295 0.4029281 
Caquetaia_kraussii           0.2685099 0.0994429 0.0928274 0.1018935 0.2139233 0.2067589 0.2848743 0.2947395 0.2849653 0.2580498 0.0000000 0.2662219 0.1532377 0.2668875 0.2641911 0.2493743 0.2756173 0.2678535 0.2913113 0.2655278 0.2853061 0.0949938 0.1102450 0.1114287 0.2777978 0.1409513 0.1205092 0.2682788 0.0988009 0.2012387 0.1062427 0.3007847 0.2731640 0.2719989 0.2782923 0.2611904 0.2494365 0.2505939 0.0972684 0.2794641 0.2652482 0.2248267 0.3313326 0.0889269 0.2667485 0.6431975 0.2640730 0.3485669 0.2547953 0.2752070 0.2668101 0.2044687 0.1129161 0.2891929 0.3336547 0.2298986 0.2401979 0.1980671 0.2395147 0.2914876 0.1200810 0.1128470 0.2529153 0.1361879 0.2675514 0.2628311 0.1258732 0.2871662 0.1157095 
Cardiopharynx_schoutedeni    0.1171151 0.2875616 0.4359156 0.2428439 0.4890716 0.5450474 0.0501311 0.1629901 0.1746421 0.1251674 0.2662219 0.0000000 0.3667015 0.1609931 0.1721307 0.1817326 0.0950784 0.1007793 0.1104820 0.1221668 0.3157651 0.4327654 0.4211313 0.2377427 0.3670444 0.3983250 0.4305289 0.1047965 0.2611963 0.5249027 0.2359897 0.4188244 0.1275633 0.1229809 0.0263270 0.1456090 0.1456937 0.1369848 0.4449296 0.4536561 0.4456985 0.1650540 0.3816720 0.4592577 0.1025026 0.6179215 0.1041558 0.5511503 0.1091623 0.2791640 0.2772782 0.2786967 0.5000377 0.4569190 0.4606433 0.1460170 0.1384813 0.5049886 0.1443724 0.3363467 0.4563540 0.4747507 0.1596708 0.2582674 0.1031545 0.0967853 0.4753513 0.1342122 0.4668013 
Cichla_temensis              0.3389026 0.1791834 0.3013749 0.1366984 0.3894867 0.4266450 0.3688393 0.3887441 0.4048777 0.3804688 0.1532377 0.3667015 0.0000000 0.3504403 0.3445824 0.3953581 0.3657454 0.3956354 0.3807426 0.3580061 0.4183158 0.3231220 0.3268807 0.1512721 0.3363928 0.2316273 0.2974764 0.3510171 0.1479445 0.3637292 0.1450453 0.5010022 0.3536243 0.3478342 0.3549224 0.4031067 0.3576170 0.3705155 0.3116516 0.3816090 0.3882200 0.3545610 0.5967233 0.3190189 0.3783657 0.4580441 0.3725229 0.5169535 0.3671950 0.2275077 0.2301195 0.1913461 0.3471084 0.5675507 0.6538458 0.3544461 0.3639508 0.2884549 0.2907514 0.4714499 0.2900213 0.3262386 0.3543639 0.1840485 0.3997344 0.3976991 0.3016493 0.3760843 0.2825735 
Congolapia_bilineata         0.1684754 0.2510856 0.3898486 0.2324318 0.4484430 0.5040892 0.1739267 0.1593012 0.1595296 0.1156922 0.2668875 0.1609931 0.3504403 0.0000000 0.1628452 0.1489801 0.1507287 0.1505543 0.1655723 0.1540386 0.2504173 0.3945764 0.3960682 0.2145988 0.3467397 0.3876942 0.3843439 0.1492570 0.2394972 0.4191210 0.2206312 0.3958678 0.1587834 0.1532774 0.1474095 0.1385848 0.1357994 0.1360328 0.4156864 0.4051985 0.4219808 0.1267370 0.3450521 0.4157209 0.1438200 0.6466303 0.1466688 0.4801778 0.1484799 0.2562864 0.2510102 0.2749031 0.4319392 0.3733239 0.3946832 0.1285069 0.1186363 0.4689887 0.1255811 0.3328258 0.4232443 0.4152197 0.1148763 0.2445613 0.1521608 0.1494030 0.4399006 0.1743255 0.3929872 
Coptodon_guineensis          0.1698992 0.2454019 0.3728432 0.2354351 0.4881460 0.5224179 0.1753038 0.1669323 0.1762897 0.1404273 0.2641911 0.1721307 0.3445824 0.1628452 0.0000000 0.0895113 0.1596357 0.1572517 0.1739317 0.1920594 0.2765901 0.3797966 0.3710888 0.2398337 0.3831450 0.3855389 0.3699040 0.1667204 0.2246936 0.4685910 0.2142703 0.3757583 0.1817356 0.1757756 0.1704178 0.1661838 0.1519295 0.1573461 0.3769252 0.4208476 0.4438618 0.1515805 0.3422526 0.3937249 0.1616392 0.7195867 0.1735025 0.5324905 0.1659990 0.2430155 0.2483746 0.3074064 0.4218979 0.3886745 0.4154496 0.1470019 0.1353675 0.4750239 0.1471406 0.3352221 0.4176772 0.4127956 0.1732413 0.2464573 0.1631612 0.1625029 0.4230499 0.2008044 0.3939253 
Coptodon_zillii              0.1688466 0.2416356 0.4706688 0.2088860 0.5629492 0.5884231 0.1838513 0.1567691 0.1551814 0.1591094 0.2493743 0.1817326 0.3953581 0.1489801 0.0895113 0.0000000 0.1532116 0.1873590 0.1867796 0.1794808 0.2783623 0.4664791 0.4809733 0.2150822 0.3647665 0.3591993 0.4245445 0.1639172 0.2170652 0.5524803 0.1892053 0.3794388 0.1710768 0.1746804 0.1754600 0.1801295 0.1769308 0.1644019 0.4896664 0.4526507 0.4924516 0.1416012 0.4592957 0.4919898 0.1632481 0.6566335 0.1708321 0.5910505 0.1636674 0.2392172 0.2403304 0.2766773 0.4906664 0.4023201 0.4463540 0.1517934 0.1617089 0.4590091 0.1389783 0.3400006 0.3778095 0.4443490 0.1720481 0.2273978 0.1854696 0.1872054 0.5084139 0.1861046 0.4022183 
Cyphotilapia_frontosa        0.1049602 0.2752825 0.4003523 0.2483840 0.4479872 0.5025636 0.1075879 0.1192723 0.1220519 0.0978799 0.2756173 0.0950784 0.3657454 0.1507287 0.1596357 0.1532116 0.0000000 0.0744423 0.0722974 0.1028830 0.2944020 0.4250861 0.4212221 0.2413905 0.3799821 0.4005477 0.3909718 0.0708292 0.2550235 0.4988624 0.2309169 0.3764710 0.1060419 0.0974280 0.0926504 0.1298560 0.1328959 0.1154739 0.4010316 0.4226577 0.4356860 0.1285151 0.3552191 0.4112457 0.0686676 0.7167159 0.0773967 0.5294242 0.0719543 0.2625713 0.2632369 0.2946492 0.4549687 0.4241983 0.4482010 0.1286035 0.1195328 0.4899982 0.1282774 0.3224136 0.4266927 0.4309759 0.1418339 0.2526586 0.0719285 0.0637884 0.4547359 0.1064717 0.4432809 
Cyprichromis_leptosoma       0.1154371 0.2448076 0.4688454 0.2289933 0.5337579 0.5484222 0.1096677 0.1312288 0.1394236 0.1218792 0.2678535 0.1007793 0.3956354 0.1505543 0.1572517 0.1873590 0.0744423 0.0000000 0.0931107 0.1015275 0.2907348 0.4535292 0.4632156 0.2305693 0.3562984 0.3852374 0.4311809 0.0832517 0.2266368 0.5422753 0.2381371 0.3721597 0.1173838 0.1085178 0.0963515 0.1535812 0.1500859 0.1429099 0.4664218 0.4329100 0.4847018 0.1427702 0.4616490 0.4765299 0.0838577 0.6095155 0.0712817 0.5622008 0.0857521 0.2661909 0.2589505 0.2806080 0.4689274 0.4267076 0.4886545 0.1413682 0.1347050 0.4967200 0.1338468 0.2951666 0.4177877 0.4833535 0.1528988 0.2598078 0.1032115 0.0947370 0.4773559 0.1185143 0.4537374 
Cyrtocara_moorii             0.1290608 0.2884777 0.4361972 0.2574025 0.4986732 0.5506164 0.1268616 0.1518640 0.1532938 0.1178814 0.2913113 0.1104820 0.3807426 0.1655723 0.1739317 0.1867796 0.0722974 0.0931107 0.0000000 0.1235732 0.3160438 0.4471700 0.4437216 0.2545928 0.3884660 0.4403495 0.4364380 0.0574536 0.2569673 0.5046297 0.2468473 0.3999674 0.1303751 0.1284764 0.1063474 0.1557514 0.1451325 0.1398696 0.4518178 0.4367129 0.4395258 0.1609992 0.3739521 0.4449604 0.0561308 0.6849093 0.1080396 0.5539912 0.0604291 0.2481854 0.2486762 0.3146902 0.4839126 0.4321494 0.4577157 0.1535738 0.1479069 0.5331044 0.1537586 0.3515613 0.4711692 0.4662480 0.1550185 0.2803157 0.0598242 0.0480816 0.4840519 0.1340771 0.4605915 
Eretmodus_cyanostictus       0.1207072 0.2739069 0.3784606 0.2502629 0.4548924 0.5110198 0.1334327 0.1400546 0.1500534 0.1133654 0.2655278 0.1221668 0.3580061 0.1540386 0.1920594 0.1794808 0.1028830 0.1015275 0.1235732 0.0000000 0.3196274 0.4339765 0.4258509 0.2274865 0.3776261 0.3833218 0.3937009 0.1065878 0.2490272 0.4823964 0.2402795 0.3560766 0.1193694 0.1119030 0.1169705 0.1417372 0.1423284 0.1357733 0.4238893 0.4416513 0.4330526 0.1517565 0.3732184 0.4159691 0.1020187 0.6350237 0.1164950 0.5090585 0.1153502 0.2828265 0.2731638 0.2976394 0.4413893 0.4396863 0.4583621 0.1430491 0.1455454 0.5024906 0.1444030 0.3390605 0.4260109 0.4345013 0.1412507 0.2496837 0.1111690 0.1053929 0.4337399 0.1218064 0.4321601 
Hemichromis_elongatus        0.3174047 0.2838662 0.4738151 0.2719919 0.5309776 0.6102526 0.3345565 0.3195663 0.3025808 0.2777312 0.2853061 0.3157651 0.4183158 0.2504173 0.2765901 0.2783623 0.2944020 0.2907348 0.3160438 0.3196274 0.0000000 0.4401886 0.4604383 0.2656866 0.4735858 0.4667055 0.4599569 0.2934604 0.2696118 0.5345787 0.2829678 0.4256299 0.3150624 0.3047075 0.3212776 0.2873198 0.2692491 0.2731929 0.4883483 0.4632368 0.4792364 0.2824630 0.4072447 0.4802731 0.2986527 0.6942375 0.2986957 0.6022927 0.3055643 0.2882882 0.2828680 0.2807424 0.5266728 0.2089204 0.2827574 0.2569868 0.2459381 0.5730232 0.2493987 0.4109900 0.4812627 0.4827974 0.2823413 0.2855187 0.2953507 0.2983217 0.5161733 0.3384627 0.4654009 
Herichthys_cyanoguttatus     0.4134731 0.1079148 0.1747421 0.1014243 0.4245464 0.4228432 0.4662156 0.4199229 0.4181293 0.4434165 0.0949938 0.4327654 0.3231220 0.3945764 0.3797966 0.4664791 0.4250861 0.4535292 0.4471700 0.4339765 0.4401886 0.0000000 0.0693464 0.0997274 0.4104882 0.2061356 0.2377969 0.4052086 0.1078534 0.3847125 0.0957149 0.6073412 0.3954463 0.4221553 0.4260458 0.4455484 0.4176282 0.4260974 0.1770219 0.4681200 0.4688782 0.3758688 0.6556909 0.1911626 0.4265789 0.5689295 0.4342020 0.5964030 0.4061823 0.2668731 0.2524987 0.2139081 0.1813983 0.5563500 0.6815671 0.4279178 0.4220976 0.3408216 0.3768562 0.5219102 0.1602442 0.1660796 0.4102247 0.1034331 0.4599228 0.4636815 0.1925552 0.4309956 0.0929655 
Herichthys_labridens         0.4056465 0.1143338 0.1788888 0.1051628 0.4119737 0.4385840 0.4509336 0.4048907 0.4099146 0.4492760 0.1102450 0.4211313 0.3268807 0.3960682 0.3710888 0.4809733 0.4212221 0.4632156 0.4437216 0.4258509 0.4604383 0.0693464 0.0000000 0.1051114 0.4026657 0.1932847 0.2402590 0.4113019 0.1063909 0.3781999 0.0891865 0.5957487 0.3998207 0.4186817 0.4083238 0.4508189 0.4174366 0.4269543 0.1811096 0.4749411 0.4759639 0.3764509 0.6592253 0.1965008 0.4373307 0.5671722 0.4226892 0.6000094 0.4116073 0.2631795 0.2500534 0.1912421 0.1819101 0.5822083 0.7018241 0.4304426 0.4381618 0.3345344 0.3578208 0.5139848 0.1592150 0.1718524 0.4217035 0.1043677 0.4728664 0.4707167 0.1970233 0.4315233 0.0969470 
Heros_efasciatus             0.2449213 0.1170373 0.0904001 0.1022360 0.1630911 0.1782682 0.2431147 0.2374657 0.2343187 0.2211495 0.1114287 0.2377427 0.1512721 0.2145988 0.2398337 0.2150822 0.2413905 0.2305693 0.2545928 0.2274865 0.2656866 0.0997274 0.1051114 0.0000000 0.2667429 0.1124283 0.1073300 0.2296692 0.1195107 0.1511873 0.1073073 0.2779580 0.2499448 0.2561545 0.2403615 0.2146169 0.2121559 0.2086238 0.0968328 0.2469549 0.2320425 0.2019139 0.2750769 0.1169172 0.2429075 0.6695492 0.2327675 0.3014551 0.2201104 0.2729940 0.2603853 0.2129911 0.1213626 0.2801240 0.2711061 0.1922219 0.2225165 0.1975761 0.1937108 0.2616694 0.1174095 0.1156872 0.2316718 0.1352124 0.2336107 0.2375664 0.0805342 0.2592776 0.0975491 
Heterochromis_multidens      0.3476380 0.2709314 0.3764132 0.2470005 0.4518462 0.4641015 0.4026677 0.3760403 0.3986335 0.3500415 0.2777978 0.3670444 0.3363928 0.3467397 0.3831450 0.3647665 0.3799821 0.3562984 0.3884660 0.3776261 0.4735858 0.4104882 0.4026657 0.2667429 0.0000000 0.3454431 0.3488525 0.3871453 0.2396343 0.4735343 0.2268543 0.5274888 0.3799729 0.3774341 0.3672808 0.3552040 0.3462326 0.3289127 0.4022449 0.3365178 0.3952581 0.3833472 0.4636626 0.3753725 0.3936555 0.5914935 0.3765994 0.4681104 0.3882431 0.2687818 0.2527464 0.2793017 0.4144965 0.6073290 0.5820088 0.3317561 0.3303077 0.4395111 0.3076421 0.4018052 0.3876108 0.3976984 0.3485173 0.2695685 0.3950866 0.3918808 0.3801347 0.3987741 0.4151199 
Hoplarchus_psittacus         0.4027648 0.1449468 0.1973234 0.1246109 0.3285820 0.3463278 0.4141700 0.3985896 0.4175736 0.3685346 0.1409513 0.3983250 0.2316273 0.3876942 0.3855389 0.3591993 0.4005477 0.3852374 0.4403495 0.3833218 0.4667055 0.2061356 0.1932847 0.1124283 0.3454431 0.0000000 0.1458008 0.3934871 0.1382998 0.3089139 0.1188084 0.5465174 0.4031458 0.3821792 0.4030201 0.3595943 0.3429140 0.3329028 0.2166779 0.3889223 0.4347021 0.3703693 0.5275841 0.2167139 0.4114535 0.5379015 0.3987649 0.4800291 0.3981219 0.2572309 0.2562641 0.1825786 0.2266605 0.6076077 0.5968669 0.3302759 0.3453431 0.3161864 0.3164838 0.5035597 0.2145921 0.2248136 0.3788389 0.1561008 0.3947423 0.4068998 0.2010023 0.4144668 0.2051647 
Hypselecara_temporalis       0.3886847 0.1352956 0.2226571 0.1150922 0.3689113 0.3831983 0.4400091 0.3940114 0.4121208 0.3950245 0.1205092 0.4305289 0.2974764 0.3843439 0.3699040 0.4245445 0.3909718 0.4311809 0.4364380 0.3937009 0.4599569 0.2377969 0.2402590 0.1073300 0.3488525 0.1458008 0.0000000 0.3879948 0.1106838 0.3377917 0.0985428 0.4892331 0.4013704 0.3912068 0.4282773 0.4296091 0.3865060 0.3868605 0.2351605 0.4387991 0.4196054 0.3833822 0.6492914 0.2408752 0.4064803 0.5354141 0.3953437 0.5504917 0.3819984 0.2340681 0.2474745 0.1862945 0.2354496 0.5328560 0.6291904 0.3934773 0.3966997 0.2965413 0.3198729 0.4601202 0.2121103 0.2484441 0.3945975 0.1315346 0.4472891 0.4456857 0.2141958 0.4036006 0.1994557 
Limnotilapia_dardennii       0.1154914 0.2575887 0.3824254 0.2226007 0.4448537 0.5147873 0.1211980 0.1291190 0.1338953 0.1066561 0.2682788 0.1047965 0.3510171 0.1492570 0.1667204 0.1639172 0.0708292 0.0832517 0.0574536 0.1065878 0.2934604 0.4052086 0.4113019 0.2296692 0.3871453 0.3934871 0.3879948 0.0000000 0.2222997 0.4793424 0.2316853 0.3862568 0.1127392 0.1109090 0.1028277 0.1372310 0.1313124 0.1218641 0.3902835 0.4134716 0.4136907 0.1459593 0.3761819 0.3943977 0.0287232 0.6787847 0.0919242 0.5081392 0.0223216 0.2406425 0.2450540 0.3017332 0.4293000 0.4032422 0.4188930 0.1269601 0.1300235 0.4958073 0.1236714 0.3335157 0.4382978 0.4213923 0.1456065 0.2558295 0.0349384 0.0376528 0.4440668 0.1174485 0.4305034 
Mayaheros_urophthalmus       0.2537786 0.0737353 0.0586798 0.0650273 0.1988576 0.1995174 0.2516438 0.2395770 0.2348837 0.2344766 0.0988009 0.2611963 0.1479445 0.2394972 0.2246936 0.2170652 0.2550235 0.2266368 0.2569673 0.2490272 0.2696118 0.1078534 0.1063909 0.1195107 0.2396343 0.1382998 0.1106838 0.2222997 0.0000000 0.1791293 0.0946368 0.2814561 0.2699083 0.2606845 0.2605216 0.2270457 0.2065377 0.2175330 0.0758106 0.2382759 0.2402976 0.1963706 0.3046525 0.0279286 0.2431762 0.6911731 0.2300195 0.3250197 0.2289934 0.2693877 0.2700326 0.2167972 0.1026172 0.2607735 0.2844627 0.2088010 0.2207982 0.1943702 0.2116340 0.2542248 0.1200627 0.1131181 0.2397892 0.1372046 0.2397924 0.2442760 0.1203365 0.2652825 0.1192039 
Mikrogeophagus_ramirezi      0.4932584 0.1878340 0.3772618 0.1746496 0.4799287 0.4791325 0.5225340 0.4758511 0.4793919 0.5212075 0.2012387 0.5249027 0.3637292 0.4191210 0.4685910 0.5524803 0.4988624 0.5422753 0.5046297 0.4823964 0.5345787 0.3847125 0.3781999 0.1511873 0.4735343 0.3089139 0.3377917 0.4793424 0.1791293 0.0000000 0.1591576 0.5882971 0.5318991 0.4881512 0.5122764 0.5254005 0.4865260 0.4935528 0.3817874 0.5019367 0.5286684 0.4943476 0.7886002 0.3936380 0.5149811 0.5683311 0.4874170 0.6525724 0.4862654 0.2572309 0.2369991 0.2065827 0.3952175 0.6772503 0.7840190 0.5098195 0.4962404 0.2986387 0.3803246 0.5652212 0.3591069 0.4471992 0.4480921 0.2180447 0.5610254 0.5673142 0.3701841 0.5181245 0.3302707 
Nandopsis_tetracanthus       0.2255083 0.1053671 0.0912909 0.0924328 0.1681613 0.1769058 0.2378683 0.2239621 0.2364867 0.2051027 0.1062427 0.2359897 0.1450453 0.2206312 0.2142703 0.1892053 0.2309169 0.2381371 0.2468473 0.2402795 0.2829678 0.0957149 0.0891865 0.1073073 0.2268543 0.1188084 0.0985428 0.2316853 0.0946368 0.1591576 0.0000000 0.2819504 0.2424484 0.2438315 0.2335299 0.2044801 0.2006996 0.1843726 0.0998461 0.2464554 0.2341017 0.2012245 0.3044017 0.0961465 0.2463939 0.5996820 0.2275063 0.3128997 0.2343077 0.2479100 0.2488632 0.2163358 0.1060228 0.2726357 0.3011594 0.1936283 0.2036830 0.1902937 0.1999725 0.2739423 0.1027695 0.1032817 0.2220276 0.1290121 0.2368457 0.2354021 0.1128193 0.2421252 0.0998832 
Nanochromis_parilus          0.3715155 0.2942734 0.5515236 0.2540719 0.6062540 0.6802887 0.4229626 0.3522752 0.3691590 0.3338734 0.3007847 0.4188244 0.5010022 0.3958678 0.3757583 0.3794388 0.3764710 0.3721597 0.3999674 0.3560766 0.4256299 0.6073412 0.5957487 0.2779580 0.5274888 0.5465174 0.4892331 0.3862568 0.2814561 0.5882971 0.2819504 0.0000000 0.3815658 0.3728806 0.3983604 0.3778848 0.3608509 0.3432726 0.5813660 0.5415322 0.5452999 0.3692410 0.3377109 0.5467108 0.3963169 0.6059068 0.3824238 0.6086181 0.3831010 0.3019907 0.3021494 0.3091696 0.5873831 0.4598230 0.4630340 0.3693607 0.3609334 0.6021061 0.3454699 0.3786285 0.5511380 0.5719737 0.3634432 0.3024303 0.3772254 0.3814515 0.5958054 0.3826600 0.5779051 
Neolamprologus_modestus      0.0894490 0.2848468 0.4002428 0.2540819 0.4792193 0.5432472 0.1444863 0.1425465 0.1513419 0.1193711 0.2731640 0.1275633 0.3536243 0.1587834 0.1817356 0.1710768 0.1060419 0.1173838 0.1303751 0.1193694 0.3150624 0.3954463 0.3998207 0.2499448 0.3799729 0.4031458 0.4013704 0.1127392 0.2699083 0.5318991 0.2424484 0.3815658 0.0000000 0.0680498 0.1212204 0.1596488 0.1550822 0.1454341 0.4276942 0.4547350 0.4526830 0.1452781 0.3743409 0.4202403 0.1191186 0.6628821 0.1241835 0.5547875 0.1174682 0.2652984 0.2540725 0.3008585 0.4449605 0.4353321 0.4406945 0.1467824 0.1388452 0.4939486 0.1456252 0.3618851 0.4278062 0.4291131 0.1537057 0.2630104 0.1187381 0.1157317 0.4564179 0.0753523 0.4183713 
Neolamprologus_toae          0.0729013 0.2928261 0.4184685 0.2570287 0.4661247 0.5242329 0.1327037 0.1309478 0.1339316 0.1085952 0.2719989 0.1229809 0.3478342 0.1532774 0.1757756 0.1746804 0.0974280 0.1085178 0.1284764 0.1119030 0.3047075 0.4221553 0.4186817 0.2561545 0.3774341 0.3821792 0.3912068 0.1109090 0.2606845 0.4881512 0.2438315 0.3728806 0.0680498 0.0000000 0.1196941 0.1427820 0.1355961 0.1259581 0.4383559 0.4311743 0.4427389 0.1438141 0.3681506 0.4385918 0.1142424 0.6644838 0.1060910 0.5271133 0.1168698 0.2599021 0.2563326 0.3031917 0.4359795 0.4344932 0.4450254 0.1288952 0.1243293 0.4842771 0.1297240 0.3349173 0.4420966 0.4434461 0.1514529 0.2523581 0.1178548 0.1105904 0.4592276 0.0670883 0.4448567 
Ophthalmotilapia_ventralis   0.1134923 0.2947652 0.4380316 0.2525391 0.4750693 0.5263081 0.0501435 0.1554937 0.1658120 0.1211440 0.2782923 0.0263270 0.3549224 0.1474095 0.1704178 0.1754600 0.0926504 0.0963515 0.1063474 0.1169705 0.3212776 0.4260458 0.4083238 0.2403615 0.3672808 0.4030201 0.4282773 0.1028277 0.2605216 0.5122764 0.2335299 0.3983604 0.1212204 0.1196941 0.0000000 0.1459881 0.1401736 0.1346147 0.4439419 0.4535408 0.4316697 0.1667946 0.3903737 0.4545001 0.1001609 0.5902229 0.1008381 0.5390722 0.1024460 0.2945321 0.2807216 0.2685855 0.4857796 0.4451539 0.4485704 0.1486401 0.1394213 0.4989851 0.1445988 0.3189760 0.4498663 0.4755335 0.1514732 0.2600561 0.0998658 0.0959341 0.4734256 0.1233137 0.4576868 
Oreochromis_andersonii       0.1450585 0.2347254 0.4754876 0.2264941 0.5125471 0.5562098 0.1617117 0.1368322 0.1450322 0.1260192 0.2611904 0.1456090 0.4031067 0.1385848 0.1661838 0.1801295 0.1298560 0.1535812 0.1557514 0.1417372 0.2873198 0.4455484 0.4508189 0.2146169 0.3552040 0.3595943 0.4296091 0.1372310 0.2270457 0.5254005 0.2044801 0.3778848 0.1596488 0.1427820 0.1459881 0.0000000 0.0605962 0.0510735 0.4778120 0.4623132 0.4832947 0.1348926 0.4815290 0.4669937 0.1358354 0.5602378 0.1482659 0.5934059 0.1363687 0.2379082 0.2367449 0.2585017 0.4677104 0.3936363 0.4265641 0.0936190 0.0937229 0.4638691 0.0872049 0.3363999 0.4036002 0.4501419 0.1331336 0.2414446 0.1528611 0.1535663 0.4772807 0.1575828 0.3972496 
Oreochromis_niloticus        0.1446966 0.2431225 0.4288322 0.2225141 0.5114333 0.5480903 0.1533691 0.1250863 0.1394328 0.1159735 0.2494365 0.1456937 0.3576170 0.1357994 0.1519295 0.1769308 0.1328959 0.1500859 0.1451325 0.1423284 0.2692491 0.4176282 0.4174366 0.2121559 0.3462326 0.3429140 0.3865060 0.1313124 0.2065377 0.4865260 0.2006996 0.3608509 0.1550822 0.1355961 0.1401736 0.0605962 0.0000000 0.0522598 0.4551915 0.4302131 0.4728600 0.1265485 0.4374304 0.4317058 0.1300949 0.5209273 0.1374317 0.5553249 0.1362903 0.2452368 0.2291134 0.2601340 0.4485073 0.3753456 0.4039438 0.0831118 0.0869863 0.4494341 0.0761264 0.3040629 0.3857976 0.4167926 0.1242574 0.2239043 0.1467190 0.1454347 0.4487366 0.1543304 0.3798346 
Oreochromis_tanganicae       0.1311809 0.2344865 0.4508954 0.2083822 0.5042041 0.5482659 0.1430682 0.1174636 0.1283437 0.1169963 0.2505939 0.1369848 0.3705155 0.1360328 0.1573461 0.1644019 0.1154739 0.1429099 0.1398696 0.1357733 0.2731929 0.4260974 0.4269543 0.2086238 0.3289127 0.3329028 0.3868605 0.1218641 0.2175330 0.4935528 0.1843726 0.3432726 0.1454341 0.1259581 0.1346147 0.0510735 0.0522598 0.0000000 0.4471835 0.4333497 0.4728376 0.1165838 0.4638366 0.4322283 0.1234627 0.5434581 0.1365705 0.5691733 0.1287341 0.2243912 0.2158751 0.2558961 0.4363098 0.3765435 0.4105129 0.0841637 0.0858263 0.4306568 0.0764406 0.2987317 0.3676451 0.4128054 0.1260736 0.2202640 0.1400934 0.1419052 0.4489733 0.1462307 0.3709646 
Parachromis_managuensis      0.3943591 0.0515746 0.0864885 0.0523733 0.4021007 0.4116360 0.4614570 0.4009981 0.4165398 0.4675709 0.0972684 0.4449296 0.3116516 0.4156864 0.3769252 0.4896664 0.4010316 0.4664218 0.4518178 0.4238893 0.4883483 0.1770219 0.1811096 0.0968328 0.4022449 0.2166779 0.2351605 0.3902835 0.0758106 0.3817874 0.0998461 0.5813660 0.4276942 0.4383559 0.4439419 0.4778120 0.4551915 0.4471835 0.0000000 0.4746361 0.4688990 0.3956428 0.7350381 0.1073421 0.4090347 0.6158276 0.4054695 0.6116654 0.4004805 0.2578744 0.2419729 0.2213780 0.1535030 0.6167816 0.6841149 0.4350835 0.4560003 0.2995517 0.3240383 0.5185370 0.1712748 0.1746284 0.4236755 0.1148696 0.4726180 0.4822223 0.1783159 0.4198031 0.1572746 
Paratilapia_polleni          0.3976473 0.2718318 0.4632021 0.2522121 0.5474584 0.5798192 0.4489870 0.4310490 0.4401618 0.4725686 0.2794641 0.4536561 0.3816090 0.4051985 0.4208476 0.4526507 0.4226577 0.4329100 0.4367129 0.4416513 0.4632368 0.4681200 0.4749411 0.2469549 0.3365178 0.3889223 0.4387991 0.4134716 0.2382759 0.5019367 0.2464554 0.5415322 0.4547350 0.4311743 0.4535408 0.4623132 0.4302131 0.4333497 0.4746361 0.0000000 0.4216099 0.4154745 0.6911230 0.4650543 0.4265736 0.5527269 0.4323821 0.5635207 0.4181571 0.2281891 0.2109931 0.2822930 0.4927752 0.5995572 0.6752059 0.4372930 0.4306989 0.4400367 0.3856216 0.4951657 0.4710595 0.4604171 0.3727588 0.2812640 0.4547483 0.4576444 0.4577046 0.4589166 0.4606981 
Paretroplus_maculatus        0.4217566 0.2707211 0.4523281 0.2404445 0.5908180 0.6098380 0.4714463 0.4325851 0.4492650 0.4707331 0.2652482 0.4456985 0.3882200 0.4219808 0.4438618 0.4924516 0.4356860 0.4847018 0.4395258 0.4330526 0.4792364 0.4688782 0.4759639 0.2320425 0.3952581 0.4347021 0.4196054 0.4136907 0.2402976 0.5286684 0.2341017 0.5452999 0.4526830 0.4427389 0.4316697 0.4832947 0.4728600 0.4728376 0.4688990 0.4216099 0.0000000 0.4221720 0.6901912 0.4634601 0.4430126 0.4031161 0.4272342 0.4312486 0.4353949 0.2684846 0.2588521 0.2837833 0.4828925 0.6304796 0.7053937 0.4729983 0.4568411 0.4696445 0.3932255 0.5220232 0.4469128 0.4972245 0.4142275 0.2610730 0.5024519 0.5006394 0.4453098 0.4608864 0.4143725 
Pelmatolapia_mariae          0.1517457 0.2026411 0.3711358 0.1841358 0.4767926 0.5393854 0.1769153 0.1363626 0.1355211 0.1122941 0.2248267 0.1650540 0.3545610 0.1267370 0.1515805 0.1416012 0.1285151 0.1427702 0.1609992 0.1517565 0.2824630 0.3758688 0.3764509 0.2019139 0.3833472 0.3703693 0.3833822 0.1459593 0.1963706 0.4943476 0.2012245 0.3692410 0.1452781 0.1438141 0.1667946 0.1348926 0.1265485 0.1165838 0.3956428 0.4154745 0.4221720 0.0000000 0.3142272 0.3961212 0.1534803 1.0621110 0.1429057 0.5051251 0.1499884 0.2817924 0.2737535 0.2517562 0.4227890 0.4307893 0.4342270 0.1217360 0.1118615 0.4998295 0.1211233 0.3213383 0.3866112 0.4068313 0.1330465 0.2132247 0.1569225 0.1526448 0.4069340 0.1644678 0.3780423 
Pelvicachromis_pulcher       0.3531845 0.3253351 0.6702632 0.3037888 0.8168054 0.8636923 0.4073511 0.3582822 0.3677383 0.4423351 0.3313326 0.3816720 0.5967233 0.3450521 0.3422526 0.4592957 0.3552191 0.4616490 0.3739521 0.3732184 0.4072447 0.6556909 0.6592253 0.2750769 0.4636626 0.5275841 0.6492914 0.3761819 0.3046525 0.7886002 0.3044017 0.3377109 0.3743409 0.3681506 0.3903737 0.4815290 0.4374304 0.4638366 0.7350381 0.6911230 0.6901912 0.3142272 0.0000000 0.7043186 0.3735315 0.9412079 0.3511083 0.7958083 0.3760914 0.3658083 0.3650403 0.3128000 0.6914606 0.4948860 0.6841357 0.4488131 0.4445901 0.5405912 0.3203998 0.3695073 0.4895417 0.6927656 0.3508394 0.3315988 0.4874339 0.4824197 0.7187282 0.3986386 0.5297212 
Petenia_splendida            0.4151974 0.0631054 0.1072120 0.0623037 0.4097978 0.4266197 0.4582689 0.4136400 0.4113112 0.4663343 0.0889269 0.4592577 0.3190189 0.4157209 0.3937249 0.4919898 0.4112457 0.4765299 0.4449604 0.4159691 0.4802731 0.1911626 0.1965008 0.1169172 0.3753725 0.2167139 0.2408752 0.3943977 0.0279286 0.3936380 0.0961465 0.5467108 0.4202403 0.4385918 0.4545001 0.4669937 0.4317058 0.4322283 0.1073421 0.4650543 0.4634601 0.3961212 0.7043186 0.0000000 0.4097959 0.6591422 0.4030409 0.6125775 0.4020261 0.2606634 0.2569002 0.1996371 0.1672871 0.5925339 0.7196703 0.4401655 0.4491523 0.3387312 0.3279012 0.4825260 0.1663216 0.1840952 0.4053208 0.1310350 0.4713970 0.4914547 0.1997737 0.4280008 0.1718252 
Petrochromis_polyodon        0.1203441 0.2589004 0.4027907 0.2515112 0.4669895 0.5007602 0.1192456 0.1274812 0.1313151 0.1023963 0.2667485 0.1025026 0.3783657 0.1438200 0.1616392 0.1632481 0.0686676 0.0838577 0.0561308 0.1020187 0.2986527 0.4265789 0.4373307 0.2429075 0.3936555 0.4114535 0.4064803 0.0287232 0.2431762 0.5149811 0.2463939 0.3963169 0.1191186 0.1142424 0.1001609 0.1358354 0.1300949 0.1234627 0.4090347 0.4265736 0.4430126 0.1534803 0.3735315 0.4097959 0.0000000 0.7337355 0.0893497 0.5194350 0.0311356 0.2523386 0.2637953 0.3036656 0.4511353 0.4266030 0.4410620 0.1320646 0.1336861 0.4872841 0.1243384 0.3447624 0.4592187 0.4425463 0.1410999 0.2763230 0.0296092 0.0291431 0.4638351 0.1242893 0.4560388 
Planiliza                    0.5786342 0.6729908 0.6731809 0.6117900 0.6573744 0.5499980 0.6256733 0.6148177 0.6406956 0.6631532 0.6431975 0.6179215 0.4580441 0.6466303 0.7195867 0.6566335 0.7167159 0.6095155 0.6849093 0.6350237 0.6942375 0.5689295 0.5671722 0.6695492 0.5914935 0.5379015 0.5354141 0.6787847 0.6911731 0.5683311 0.5996820 0.6059068 0.6628821 0.6644838 0.5902229 0.5602378 0.5209273 0.5434581 0.6158276 0.5527269 0.4031161 1.0621110 0.9412079 0.6591422 0.7337355 0.0000000 0.6628844 0.6655799 0.6597334 0.5274326 0.4262402 0.5775740 0.5582965 0.6969564 0.6444425 0.5744011 0.6298738 0.6089774 0.5750650 0.6287287 0.6359737 0.5197185 0.6477323 0.5335431 0.6659460 0.6874952 0.4839643 0.6198689 0.6222444 
Plecodus_straeleni           0.1155613 0.2514515 0.4149972 0.2515366 0.4804866 0.5132506 0.1193123 0.1328537 0.1364127 0.1092585 0.2640730 0.1041558 0.3725229 0.1466688 0.1735025 0.1708321 0.0773967 0.0712817 0.1080396 0.1164950 0.2986957 0.4342020 0.4226892 0.2327675 0.3765994 0.3987649 0.3953437 0.0919242 0.2300195 0.4874170 0.2275063 0.3824238 0.1241835 0.1060910 0.1008381 0.1482659 0.1374317 0.1365705 0.4054695 0.4323821 0.4272342 0.1429057 0.3511083 0.4030409 0.0893497 0.6628844 0.0000000 0.5293990 0.0945997 0.2485648 0.2497576 0.3026814 0.4369393 0.4325566 0.4475343 0.1301907 0.1272345 0.5218611 0.1294391 0.3396268 0.4180703 0.4471648 0.1511402 0.2638339 0.0953573 0.0861437 0.4636228 0.1225687 0.4629310 
Pseudetroplus_maculatus      0.5312522 0.3312008 0.6016425 0.3069659 0.6360824 0.6283518 0.5626249 0.5574587 0.5523445 0.5421246 0.3485669 0.5511503 0.5169535 0.4801778 0.5324905 0.5910505 0.5294242 0.5622008 0.5539912 0.5090585 0.6022927 0.5964030 0.6000094 0.3014551 0.4681104 0.4800291 0.5504917 0.5081392 0.3250197 0.6525724 0.3128997 0.6086181 0.5547875 0.5271133 0.5390722 0.5934059 0.5553249 0.5691733 0.6116654 0.5635207 0.4312486 0.5051251 0.7958083 0.6125775 0.5194350 0.6655799 0.5293990 0.0000000 0.5153899 0.2950744 0.2968386 0.3091442 0.5784601 0.7043500 0.7933904 0.5675835 0.5596116 0.5988849 0.4722399 0.6361518 0.5745968 0.6034312 0.4715788 0.3227573 0.5855727 0.5755774 0.5858261 0.5731982 0.5470720 
Pseudosimochromis_curvifrons 0.1176882 0.2550210 0.3881636 0.2296962 0.4360869 0.5065143 0.1233828 0.1306219 0.1312411 0.1071837 0.2547953 0.1091623 0.3671950 0.1484799 0.1659990 0.1636674 0.0719543 0.0857521 0.0604291 0.1153502 0.3055643 0.4061823 0.4116073 0.2201104 0.3882431 0.3981219 0.3819984 0.0223216 0.2289934 0.4862654 0.2343077 0.3831010 0.1174682 0.1168698 0.1024460 0.1363687 0.1362903 0.1287341 0.4004805 0.4181571 0.4353949 0.1499884 0.3760914 0.4020261 0.0311356 0.6597334 0.0945997 0.5153899 0.0000000 0.2502799 0.2426961 0.2735140 0.4342817 0.4191366 0.4376679 0.1347654 0.1357362 0.4851310 0.1283535 0.3278726 0.4379776 0.4492229 0.1488365 0.2595924 0.0364043 0.0396333 0.4537558 0.1257494 0.4369196 
Ptychochromis_grandidieri    0.2645522 0.2707099 0.2428441 0.2374428 0.2553576 0.2698926 0.2843476 0.2810010 0.2828238 0.2515988 0.2752070 0.2791640 0.2275077 0.2562864 0.2430155 0.2392172 0.2625713 0.2661909 0.2481854 0.2828265 0.2882882 0.2668731 0.2631795 0.2729940 0.2687818 0.2572309 0.2340681 0.2406425 0.2693877 0.2572309 0.2479100 0.3019907 0.2652984 0.2599021 0.2945321 0.2379082 0.2452368 0.2243912 0.2578744 0.2281891 0.2684846 0.2817924 0.3658083 0.2606634 0.2523386 0.5274326 0.2485648 0.2950744 0.2502799 0.0000000 0.0335066 0.2611673 0.2875539 0.2940148 0.2928347 0.2268708 0.2447319 0.3089770 0.2201778 0.2993753 0.2828906 0.2603025 0.2709861 0.2685770 0.2433844 0.2523603 0.2645991 0.2753677 0.2560393 
Ptychochromis_oligacanthus   0.2623452 0.2574379 0.2361977 0.2300710 0.2425673 0.2813677 0.2759760 0.2814238 0.2725059 0.2486001 0.2668101 0.2772782 0.2301195 0.2510102 0.2483746 0.2403304 0.2632369 0.2589505 0.2486762 0.2731638 0.2828680 0.2524987 0.2500534 0.2603853 0.2527464 0.2562641 0.2474745 0.2450540 0.2700326 0.2369991 0.2488632 0.3021494 0.2540725 0.2563326 0.2807216 0.2367449 0.2291134 0.2158751 0.2419729 0.2109931 0.2588521 0.2737535 0.3650403 0.2569002 0.2637953 0.4262402 0.2497576 0.2968386 0.2426961 0.0335066 0.0000000 0.2393233 0.2763422 0.2826459 0.2794745 0.2252778 0.2389114 0.2863977 0.2275033 0.2939663 0.2639447 0.2367268 0.2742469 0.2621644 0.2449522 0.2580015 0.2534684 0.2708680 0.2476298 
Retroculus_xinguensis        0.2867506 0.2307832 0.2005410 0.2157278 0.2192084 0.2593974 0.2730830 0.2922465 0.3007206 0.2813207 0.2044687 0.2786967 0.1913461 0.2749031 0.3074064 0.2766773 0.2946492 0.2806080 0.3146902 0.2976394 0.2807424 0.2139081 0.1912421 0.2129911 0.2793017 0.1825786 0.1862945 0.3017332 0.2167972 0.2065827 0.2163358 0.3091696 0.3008585 0.3031917 0.2685855 0.2585017 0.2601340 0.2558961 0.2213780 0.2822930 0.2837833 0.2517562 0.3128000 0.1996371 0.3036656 0.5775740 0.3026814 0.3091442 0.2735140 0.2611673 0.2393233 0.0000000 0.2239445 0.2977588 0.2662850 0.2781871 0.2658443 0.2205610 0.2865280 0.2749190 0.2025164 0.2205721 0.2892978 0.2211302 0.2750977 0.2965581 0.2221332 0.3101479 0.2045332 
Rocio_octofasciata           0.4312470 0.1049172 0.1612910 0.0973288 0.3949042 0.3853738 0.5064794 0.4586393 0.4836612 0.4579716 0.1129161 0.5000377 0.3471084 0.4319392 0.4218979 0.4906664 0.4549687 0.4689274 0.4839126 0.4413893 0.5266728 0.1813983 0.1819101 0.1213626 0.4144965 0.2266605 0.2354496 0.4293000 0.1026172 0.3952175 0.1060228 0.5873831 0.4449605 0.4359795 0.4857796 0.4677104 0.4485073 0.4363098 0.1535030 0.4927752 0.4828925 0.4227890 0.6914606 0.1672871 0.4511353 0.5582965 0.4369393 0.5784601 0.4342817 0.2875539 0.2763422 0.2239445 0.0000000 0.6295705 0.7336182 0.4580642 0.4530015 0.3458088 0.3763685 0.5177104 0.2027134 0.1983490 0.4291000 0.1215664 0.4946354 0.4998589 0.1897824 0.4347396 0.1713767 
Rubricatochromis_bimaculatus 0.4223281 0.3001019 0.5874173 0.2583292 0.6898606 0.7058836 0.4697803 0.4348825 0.4326599 0.3966800 0.2891929 0.4569190 0.5675507 0.3733239 0.3886745 0.4023201 0.4241983 0.4267076 0.4321494 0.4396863 0.2089204 0.5563500 0.5822083 0.2801240 0.6073290 0.6076077 0.5328560 0.4032422 0.2607735 0.6772503 0.2726357 0.4598230 0.4353321 0.4344932 0.4451539 0.3936363 0.3753456 0.3765435 0.6167816 0.5995572 0.6304796 0.4307893 0.4948860 0.5925339 0.4266030 0.6969564 0.4325566 0.7043500 0.4191366 0.2940148 0.2826459 0.2977588 0.6295705 0.0000000 0.0373430 0.3807031 0.3672267 0.7052277 0.3385423 0.4568226 0.6150026 0.6310530 0.4072146 0.3016581 0.4037374 0.4219881 0.6038165 0.4554304 0.6433168 
Rubricatochromis_letourneuxi 0.4258853 0.3181373 0.6959051 0.2827843 0.7998210 0.8177721 0.4867093 0.4594195 0.4637919 0.4430087 0.3336547 0.4606433 0.6538458 0.3946832 0.4154496 0.4463540 0.4482010 0.4886545 0.4577157 0.4583621 0.2827574 0.6815671 0.7018241 0.2711061 0.5820088 0.5968669 0.6291904 0.4188930 0.2844627 0.7840190 0.3011594 0.4630340 0.4406945 0.4450254 0.4485704 0.4265641 0.4039438 0.4105129 0.6841149 0.6752059 0.7053937 0.4342270 0.6841357 0.7196703 0.4410620 0.6444425 0.4475343 0.7933904 0.4376679 0.2928347 0.2794745 0.2662850 0.7336182 0.0373430 0.0000000 0.4237562 0.4118768 0.7111028 0.3576417 0.4489424 0.6263041 0.6925827 0.4023633 0.3027322 0.4514326 0.4717039 0.6913911 0.4580685 0.6664777 
